MJD GSC_ch1
55058.5 0.054
55059.5 0.054
55060.5 0.059
55061.5 0.047
55062.5 0.059
55063.5 0.059
55064.5 0.051
55065.5 0.038
55066.5 0.053
55067.5 0.055
55068.5 0.053
55069.5 0.060
55070.5 0.051
55071.5 0.000
55072.5 0.000
55073.5 0.041
55074.5 0.042
55075.5 0.059
55076.5 0.038
55077.5 0.056
55078.5 0.051
55079.5 0.058
55080.5 0.037
55081.5 0.066
55082.5 0.045
55083.5 0.056
55084.5 0.034
55085.5 0.043
55086.5 0.049
55087.5 0.044
55088.5 0.056
55089.5 0.050
55090.5 0.000
55091.5 0.000
55092.5 0.000
55093.5 0.000
55094.5 0.000
55095.5 0.000
55096.5 0.000
55097.5 0.000
55098.5 0.000
55099.5 0.000
55100.5 0.000
55101.5 0.000
55102.5 -0.005
55103.5 0.000
55104.5 0.000
55105.5 0.000
55106.5 0.000
55107.5 0.000
55108.5 0.000
55109.5 0.000
55110.5 0.000
55111.5 0.000
55112.5 0.029
55113.5 0.000
55114.5 0.010
55115.5 0.040
55116.5 0.062
55117.5 0.046
55118.5 0.030
55119.5 0.063
55120.5 0.049
55121.5 0.058
55122.5 0.058
55123.5 0.073
55124.5 0.051
55125.5 0.044
55126.5 0.064
55127.5 0.040
55128.5 0.059
55129.5 0.043
55130.5 0.054
55131.5 0.040
55132.5 0.050
55133.5 0.069
55134.5 0.041
55135.5 0.041
55136.5 0.065
55137.5 0.065
55138.5 0.056
55139.5 0.085
55140.5 0.057
55141.5 0.059
55142.5 0.057
55143.5 0.063
55144.5 0.055
55145.5 0.047
55146.5 0.056
55147.5 0.034
55148.5 0.069
55149.5 0.058
55150.5 0.068
55151.5 0.070
55152.5 0.044
55153.5 0.039
55154.5 0.056
55155.5 0.048
55156.5 0.073
55157.5 0.051
55158.5 0.063
55159.5 0.054
55160.5 0.050
55161.5 0.000
55162.5 0.000
55163.5 0.000
55164.5 0.000
55165.5 0.000
55166.5 0.000
55167.5 0.000
55168.5 0.000
55169.5 0.041
55170.5 0.000
55171.5 0.000
55172.5 0.000
55173.5 0.000
55174.5 0.000
55175.5 0.000
55176.5 0.000
55177.5 0.000
55178.5 0.000
55179.5 0.000
55180.5 0.000
55181.5 0.000
55182.5 0.057
55183.5 0.071
55184.5 0.053
55185.5 0.066
55186.5 0.072
55187.5 0.054
55188.5 0.054
55189.5 0.064
55190.5 0.073
55191.5 0.054
55192.5 0.104
55193.5 0.054
55194.5 0.036
55195.5 0.053
55196.5 0.043
55197.5 0.057
55198.5 0.063
55199.5 0.052
55200.5 0.059
55201.5 0.060
55202.5 0.095
55203.5 0.073
55204.5 0.070
55205.5 0.062
55206.5 0.064
55207.5 0.080
55208.5 0.058
55209.5 0.080
55210.5 0.057
55211.5 0.056
55212.5 0.065
55213.5 0.068
55214.5 0.051
55215.5 0.053
55216.5 0.059
55217.5 0.085
55218.5 0.070
55219.5 0.051
55220.5 0.064
55221.5 0.063
55222.5 0.081
55223.5 0.076
55224.5 0.059
55225.5 0.049
55226.5 0.000
55227.5 0.000
55228.5 0.000
55229.5 0.000
55230.5 0.000
55231.5 0.000
55232.5 0.000
55233.5 0.000
55234.5 0.000
55235.5 0.000
55236.5 0.000
55237.5 0.000
55238.5 0.000
55239.5 0.000
55240.5 0.000
55241.5 0.000
55242.5 0.000
55243.5 0.000
55244.5 0.000
55245.5 0.000
55246.5 0.049
55247.5 0.000
55248.5 0.000
55249.5 0.000
55250.5 0.000
55251.5 0.000
55252.5 0.073
55253.5 0.064
55254.5 0.064
55255.5 0.062
55256.5 0.068
55257.5 0.064
55258.5 0.040
55259.5 0.078
55260.5 0.089
55261.5 0.063
55262.5 0.064
55263.5 0.072
55264.5 0.079
55265.5 0.043
55266.5 0.078
55267.5 0.085
55268.5 0.043
55269.5 0.075
55270.5 0.069
55271.5 0.083
55272.5 0.070
55273.5 0.064
55274.5 0.070
55275.5 0.075
55276.5 0.054
55277.5 0.079
55278.5 0.069
55279.5 0.067
55280.5 0.061
55281.5 0.073
55282.5 0.058
55283.5 0.063
55284.5 0.042
55285.5 0.074
55286.5 0.075
55287.5 0.061
55288.5 0.057
55289.5 0.042
55290.5 0.057
55291.5 0.073
55292.5 0.072
55293.5 0.063
55294.5 0.047
55295.5 0.056
55296.5 0.061
55297.5 0.056
55298.5 0.073
55299.5 0.021
55300.5 0.062
55301.5 0.053
55302.5 -0.004
55303.5 0.000
55304.5 0.000
55305.5 0.000
55306.5 0.000
55307.5 0.046
55308.5 0.069
55309.5 0.000
55310.5 0.000
55311.5 0.000
55312.5 0.000
55313.5 0.000
55314.5 0.000
55315.5 0.000
55316.5 0.000
55317.5 0.000
55318.5 0.000
55319.5 0.000
55320.5 0.000
55321.5 0.000
55322.5 0.101
55323.5 0.039
55324.5 0.065
55325.5 0.070
55326.5 0.075
55327.5 0.081
55328.5 0.047
55329.5 0.099
55330.5 0.075
55331.5 0.069
55332.5 0.075
55333.5 0.073
55334.5 0.073
55335.5 0.070
55336.5 0.043
55337.5 0.000
55338.5 0.000
55339.5 0.000
55340.5 0.000
55341.5 0.000
55342.5 0.000
55343.5 0.042
55344.5 0.081
55345.5 0.068
55346.5 0.052
55347.5 0.076
55348.5 0.074
55349.5 0.084
55350.5 0.071
55351.5 0.057
55352.5 0.054
55353.5 0.071
55354.5 0.079
55355.5 0.051
55356.5 0.057
55357.5 0.073
55358.5 0.057
55359.5 0.049
55360.5 0.060
55361.5 0.069
55362.5 0.057
55363.5 0.053
55364.5 0.077
55365.5 0.059
55366.5 0.071
55367.5 0.085
55368.5 0.000
55369.5 0.000
55370.5 0.000
55371.5 0.000
55372.5 0.000
55373.5 0.000
55374.5 0.000
55375.5 0.000
55376.5 0.000
55377.5 0.000
55378.5 0.000
55379.5 0.067
55380.5 0.036
55381.5 0.090
55382.5 0.000
55383.5 0.000
55384.5 0.000
55385.5 0.000
55386.5 0.000
55387.5 0.000
55388.5 0.000
55389.5 0.000
55390.5 0.000
55391.5 0.000
55392.5 0.058
55393.5 0.061
55394.5 0.095
55395.5 0.070
55396.5 0.070
55397.5 0.072
55398.5 0.111
55399.5 0.054
55400.5 0.066
55401.5 0.074
55402.5 0.070
55403.5 0.092
55404.5 0.066
55405.5 0.065
55406.5 0.055
55407.5 0.053
55408.5 0.053
55409.5 0.055
55410.5 0.087
55411.5 0.084
55412.5 0.063
55413.5 0.056
55414.5 0.073
55415.5 0.058
55416.5 0.069
55417.5 0.063
55418.5 0.061
55419.5 0.086
55420.5 0.050
55421.5 0.049
55422.5 0.069
55423.5 0.063
55424.5 0.058
55425.5 0.049
55426.5 0.053
55427.5 0.062
55428.5 0.076
55429.5 0.061
55430.5 0.057
55431.5 0.045
55432.5 0.050
55433.5 0.048
55434.5 0.028
55435.5 0.059
55436.5 0.045
55437.5 0.000
55438.5 0.000
55439.5 0.000
55440.5 0.000
55441.5 0.000
55442.5 0.000
55443.5 0.000
55444.5 0.000
55445.5 0.000
55446.5 0.000
55447.5 -0.027
55448.5 0.064
55449.5 0.001
55450.5 0.000
55451.5 0.037
55452.5 0.087
55453.5 0.000
55454.5 0.000
55455.5 0.000
55456.5 0.000
55457.5 0.000
55458.5 0.000
55459.5 0.000
55460.5 0.000
55461.5 0.000
55462.5 0.000
55463.5 0.017
55464.5 0.025
55465.5 0.053
55466.5 0.056
55467.5 0.052
55468.5 0.064
55469.5 0.066
55470.5 0.032
55471.5 0.060
55472.5 0.043
55473.5 0.017
55474.5 0.046
55475.5 0.042
55476.5 0.069
55477.5 0.046
55478.5 0.038
55479.5 0.028
55480.5 0.051
55481.5 0.055
55482.5 0.054
55483.5 0.048
55484.5 0.039
55485.5 0.040
55486.5 0.051
55487.5 0.051
55488.5 0.040
55489.5 0.027
55490.5 0.056
55491.5 0.029
55492.5 0.046
55493.5 0.040
55494.5 0.037
55495.5 0.034
55496.5 0.033
55497.5 0.036
55498.5 0.038
55499.5 0.046
55500.5 0.037
55501.5 0.044
55502.5 0.046
55503.5 0.030
55504.5 0.046
55505.5 0.060
55506.5 0.030
55507.5 0.038
55508.5 0.013
55509.5 0.000
55510.5 0.000
55511.5 0.000
55512.5 0.000
55513.5 0.000
55514.5 0.000
55515.5 0.000
55516.5 0.000
55517.5 0.000
55518.5 0.046
55519.5 0.040
55520.5 0.000
55521.5 0.000
55522.5 0.050
55523.5 0.000
55524.5 0.000
55525.5 0.000
55526.5 0.000
55527.5 0.000
55528.5 0.000
55529.5 0.000
55530.5 0.000
55531.5 0.000
55532.5 0.000
55533.5 0.051
55534.5 0.039
55535.5 0.053
55536.5 0.044
55537.5 0.037
55538.5 0.021
55539.5 0.047
55540.5 0.047
55541.5 0.043
55542.5 0.030
55543.5 0.057
55544.5 0.036
55545.5 0.031
55546.5 0.048
55547.5 0.036
55548.5 0.044
55549.5 0.064
55550.5 0.042
55551.5 0.044
55552.5 0.036
55553.5 0.054
55554.5 0.046
55555.5 0.044
55556.5 0.047
55557.5 0.045
55558.5 0.054
55559.5 0.043
55560.5 0.059
55561.5 0.050
55562.5 0.059
55563.5 0.046
55564.5 0.042
55565.5 0.034
55566.5 0.062
55567.5 0.039
55568.5 0.045
55569.5 0.023
55570.5 0.040
55571.5 0.035
55572.5 0.055
55573.5 0.045
55574.5 0.043
55575.5 0.038
55576.5 0.049
55577.5 0.051
55578.5 0.052
55579.5 0.000
55580.5 0.000
55581.5 0.000
55582.5 0.000
55583.5 0.000
55584.5 0.000
55585.5 0.000
55586.5 0.000
55587.5 0.000
55588.5 0.000
55589.5 0.000
55590.5 0.000
55591.5 0.000
55592.5 0.037
55593.5 0.000
55594.5 0.000
55595.5 0.000
55596.5 0.000
55597.5 0.000
55598.5 0.000
55599.5 0.000
55600.5 0.000
55601.5 0.000
55602.5 0.000
55603.5 0.024
55604.5 0.036
55605.5 0.026
55606.5 0.039
55607.5 0.046
55608.5 0.032
55609.5 0.035
55610.5 0.040
55611.5 0.035
55612.5 0.035
55613.5 0.026
55614.5 0.026
55615.5 0.048
55616.5 0.037
55617.5 0.032
55618.5 0.042
55619.5 0.034
55620.5 0.038
55621.5 0.047
55622.5 0.028
55623.5 0.034
55624.5 0.030
55625.5 0.043
55626.5 0.035
55627.5 0.045
55628.5 0.040
55629.5 0.038
55630.5 0.049
55631.5 0.029
55632.5 0.033
55633.5 0.033
55634.5 0.032
55635.5 0.044
55636.5 0.047
55637.5 0.023
55638.5 0.029
55639.5 0.027
55640.5 0.037
55641.5 0.044
55642.5 0.032
55643.5 0.036
55644.5 0.028
55645.5 0.038
55646.5 0.048
55647.5 0.054
55648.5 0.058
55649.5 0.000
55650.5 0.000
55651.5 0.000
55652.5 0.000
55653.5 0.000
55654.5 0.000
55655.5 0.000
55656.5 0.000
55657.5 0.039
55658.5 0.000
55659.5 0.038
55660.5 0.043
55661.5 0.000
55662.5 0.000
55663.5 0.000
55664.5 0.000
55665.5 0.000
55666.5 0.000
55667.5 0.000
55668.5 0.000
55669.5 0.000
55670.5 0.000
55671.5 0.000
55672.5 0.000
55673.5 0.026
55674.5 0.001
55675.5 0.044
55676.5 0.036
55677.5 0.056
55678.5 0.022
55679.5 0.022
55680.5 0.054
55681.5 0.035
55682.5 0.033
55683.5 0.050
55684.5 0.026
55685.5 0.045
55686.5 0.054
55687.5 0.046
55688.5 0.036
55689.5 0.034
55690.5 0.025
55691.5 0.037
55692.5 0.036
55693.5 0.049
55694.5 0.037
55695.5 0.043
55696.5 0.029
55697.5 0.000
55698.5 0.000
55699.5 0.000
55700.5 0.000
55701.5 -0.007
55702.5 0.064
55703.5 0.040
55704.5 0.063
55705.5 0.069
55706.5 0.029
55707.5 0.047
55708.5 0.039
55709.5 0.015
55710.5 -0.009
55711.5 0.016
55712.5 0.046
55713.5 0.046
55714.5 0.037
55715.5 0.027
55716.5 0.044
55717.5 0.023
55718.5 0.078
55719.5 0.000
55720.5 0.000
55721.5 0.041
55722.5 0.000
55723.5 0.000
55724.5 0.000
55725.5 0.000
55726.5 0.000
55727.5 0.000
55728.5 0.000
55729.5 0.024
55730.5 0.057
55731.5 0.049
55732.5 0.036
55733.5 0.168
55734.5 0.000
55735.5 0.000
55736.5 0.000
55737.5 0.000
55738.5 0.000
55739.5 0.000
55740.5 0.000
55741.5 0.000
55742.5 0.000
55743.5 0.000
55744.5 0.042
55745.5 0.055
55746.5 0.034
55747.5 0.058
55748.5 0.051
55749.5 0.041
55750.5 0.043
55751.5 0.065
55752.5 0.057
55753.5 0.042
55754.5 0.023
55755.5 0.038
55756.5 0.043
55757.5 0.032
55758.5 0.044
55759.5 0.045
55760.5 0.040
55761.5 0.040
55762.5 0.030
55763.5 0.043
55764.5 0.048
55765.5 0.048
55766.5 0.039
55767.5 0.055
55768.5 0.059
55769.5 0.038
55770.5 0.048
55771.5 0.031
55772.5 0.049
55773.5 0.042
55774.5 0.048
55775.5 0.035
55776.5 0.057
55777.5 0.036
55778.5 0.037
55779.5 0.044
55780.5 0.034
55781.5 0.051
55782.5 0.052
55783.5 0.068
55784.5 0.069
55785.5 0.061
55786.5 0.026
55787.5 0.000
55788.5 0.000
55789.5 0.000
55790.5 0.000
55791.5 0.000
55792.5 0.000
55793.5 0.000
55794.5 0.000
55795.5 0.000
55796.5 0.000
55797.5 0.000
55798.5 0.000
55799.5 0.000
55800.5 0.030
55801.5 0.051
55802.5 0.000
55803.5 0.000
55804.5 0.050
55805.5 0.000
55806.5 0.000
55807.5 0.000
55808.5 0.000
55809.5 0.000
55810.5 0.000
55811.5 0.000
55812.5 0.000
55813.5 0.000
55814.5 0.000
55815.5 0.061
55816.5 0.040
55817.5 0.051
55818.5 0.078
55819.5 0.057
55820.5 0.061
55821.5 0.060
55822.5 0.061
55823.5 0.046
55824.5 0.057
55825.5 0.055
55826.5 0.081
55827.5 0.070
55828.5 0.063
55829.5 0.046
55830.5 0.050
55831.5 0.078
55832.5 0.060
55833.5 0.054
55834.5 0.057
55835.5 0.065
55836.5 0.077
55837.5 0.071
55838.5 0.068
55839.5 0.045
55840.5 0.086
55841.5 0.055
55842.5 0.036
55843.5 0.066
55844.5 0.055
55845.5 0.055
55846.5 0.052
55847.5 0.051
55848.5 0.054
55849.5 0.058
55850.5 0.043
55851.5 0.056
55852.5 0.047
55853.5 0.071
55854.5 0.069
55855.5 0.057
55856.5 0.056
55857.5 0.040
55858.5 0.040
55859.5 0.045
55860.5 0.035
55861.5 0.065
55862.5 0.000
55863.5 -0.000
55864.5 0.000
55865.5 0.000
55866.5 0.000
55867.5 0.000
55868.5 0.000
55869.5 0.000
55870.5 0.000
55871.5 0.000
55872.5 0.042
55873.5 0.025
55874.5 0.000
55875.5 0.069
55876.5 0.092
55877.5 0.000
55878.5 0.000
55879.5 0.000
55880.5 0.000
55881.5 0.034
55882.5 0.000
55883.5 0.000
55884.5 0.000
55885.5 0.000
55886.5 0.000
55887.5 0.025
55888.5 0.031
55889.5 0.061
55890.5 0.062
55891.5 0.036
55892.5 0.040
55893.5 0.041
55894.5 0.056
55895.5 0.047
55896.5 0.044
55897.5 0.042
55898.5 0.050
55899.5 0.049
55900.5 0.054
55901.5 0.046
55902.5 0.057
55903.5 0.038
55904.5 0.065
55905.5 0.033
55906.5 0.067
55907.5 0.051
55908.5 0.037
55909.5 0.033
55910.5 0.038
55911.5 0.034
55912.5 0.054
55913.5 0.071
55914.5 0.029
55915.5 0.050
55916.5 0.052
55917.5 0.053
55918.5 0.056
55919.5 0.045
55920.5 0.051
55921.5 0.034
55922.5 0.031
55923.5 0.048
55924.5 0.034
55925.5 0.028
55926.5 0.057
55927.5 0.024
55928.5 0.035
55929.5 0.034
55930.5 0.033
55931.5 0.015
55932.5 0.051
55933.5 0.052
55934.5 0.000
55935.5 0.000
55936.5 0.000
55937.5 0.000
55938.5 0.000
55939.5 0.000
55940.5 0.000
55941.5 0.000
55942.5 0.000
55943.5 0.000
55944.5 0.000
55945.5 0.000
55946.5 0.040
55947.5 0.069
55948.5 0.000
55949.5 0.039
55950.5 0.000
55951.5 0.000
55952.5 0.000
55953.5 0.000
55954.5 0.000
55955.5 0.000
55956.5 0.000
55957.5 0.000
55958.5 0.000
55959.5 0.038
55960.5 0.043
55961.5 0.025
55962.5 0.046
55963.5 0.031
55964.5 0.051
55965.5 0.030
55966.5 0.044
55967.5 0.037
55968.5 0.035
55969.5 0.061
55970.5 0.042
55971.5 0.027
55972.5 0.042
55973.5 0.029
55974.5 0.032
55975.5 0.039
55976.5 0.032
55977.5 0.027
55978.5 0.029
55979.5 0.037
55980.5 0.037
55981.5 0.036
55982.5 0.037
55983.5 0.043
55984.5 0.038
55985.5 0.043
55986.5 0.043
55987.5 0.037
55988.5 0.039
55989.5 0.031
55990.5 0.050
55991.5 0.061
55992.5 0.044
55993.5 0.025
55994.5 0.044
55995.5 0.036
55996.5 0.033
55997.5 0.034
55998.5 0.032
55999.5 0.035
56000.5 0.021
56001.5 0.038
56002.5 0.041
56003.5 0.035
56004.5 0.054
56005.5 0.082
56006.5 0.000
56007.5 0.000
56008.5 0.000
56009.5 0.000
56010.5 0.000
56011.5 0.000
56012.5 0.000
56013.5 0.000
56014.5 0.000
56015.5 0.017
56016.5 0.039
56017.5 0.051
56018.5 0.000
56019.5 -0.022
56020.5 0.000
56021.5 0.000
56022.5 0.000
56023.5 0.000
56024.5 0.000
56025.5 0.000
56026.5 0.000
56027.5 0.000
56028.5 0.000
56029.5 0.000
56030.5 0.000
56031.5 -0.005
56032.5 0.012
56033.5 0.041
56034.5 0.043
56035.5 0.033
56036.5 0.046
56037.5 0.046
56038.5 0.042
56039.5 0.047
56040.5 0.055
56041.5 0.043
56042.5 0.055
56043.5 0.059
56044.5 0.017
56045.5 0.047
56046.5 0.029
56047.5 0.028
56048.5 0.066
56049.5 0.053
56050.5 0.043
56051.5 0.046
56052.5 0.045
56053.5 0.046
56054.5 0.066
56055.5 0.042
56056.5 0.041
56057.5 0.033
56058.5 0.000
56059.5 0.000
56060.5 0.000
56061.5 0.000
56062.5 0.000
56063.5 0.000
56064.5 0.000
56065.5 0.079
56066.5 0.076
56067.5 0.053
56068.5 0.063
56069.5 0.032
56070.5 0.046
56071.5 0.041
56072.5 0.056
56073.5 0.030
56074.5 0.045
56075.5 0.040
56076.5 0.037
56077.5 0.000
56078.5 0.000
56079.5 0.000
56080.5 0.000
56081.5 0.000
56082.5 0.000
56083.5 0.000
56084.5 0.000
56085.5 0.000
56086.5 0.000
56087.5 0.032
56088.5 -0.066
56089.5 0.039
56090.5 0.056
56091.5 0.089
56092.5 0.000
56093.5 0.000
56094.5 0.000
56095.5 0.000
56096.5 0.000
56097.5 0.000
56098.5 0.000
56099.5 0.000
56100.5 0.000
56101.5 0.000
56102.5 0.042
56103.5 0.058
56104.5 0.032
56105.5 0.033
56106.5 0.060
56107.5 0.046
56108.5 0.041
56109.5 0.039
56110.5 0.054
56111.5 0.042
56112.5 0.030
56113.5 0.033
56114.5 0.044
56115.5 0.037
56116.5 0.043
56117.5 0.063
56118.5 0.034
56119.5 0.078
56120.5 0.051
56121.5 0.040
56122.5 0.086
56123.5 0.065
56124.5 0.072
56125.5 0.055
56126.5 0.048
56127.5 0.036
56128.5 0.059
56129.5 0.063
56130.5 0.054
56131.5 0.054
56132.5 0.043
56133.5 0.059
56134.5 0.035
56135.5 0.058
56136.5 0.073
56137.5 0.051
56138.5 0.066
56139.5 0.061
56140.5 0.049
56141.5 0.065
56142.5 0.046
56143.5 0.040
56144.5 0.067
56145.5 0.051
56146.5 0.027
56147.5 0.000
56148.5 0.000
56149.5 0.000
56150.5 0.000
56151.5 0.000
56152.5 0.000
56153.5 0.000
56154.5 0.000
56155.5 0.000
56156.5 0.000
56157.5 0.000
56158.5 0.106
56159.5 0.047
56160.5 0.013
56161.5 0.089
56162.5 0.060
56163.5 0.057
56164.5 0.000
56165.5 0.000
56166.5 0.000
56167.5 0.000
56168.5 0.000
56169.5 0.000
56170.5 0.000
56171.5 0.000
56172.5 0.000
56173.5 0.000
56174.5 0.071
56175.5 0.045
56176.5 0.044
56177.5 0.040
56178.5 0.084
56179.5 0.047
56180.5 0.062
56181.5 0.056
56182.5 0.045
56183.5 0.036
56184.5 0.062
56185.5 0.037
56186.5 0.056
56187.5 0.039
56188.5 0.065
56189.5 0.046
56190.5 0.066
56191.5 0.053
56192.5 0.040
56193.5 0.056
56194.5 0.057
56195.5 0.099
56196.5 0.079
56197.5 0.050
56198.5 0.039
56199.5 0.029
56200.5 0.033
56201.5 0.070
56202.5 0.048
56203.5 0.064
56204.5 0.071
56205.5 0.035
56206.5 0.054
56207.5 0.046
56208.5 0.040
56209.5 0.050
56210.5 0.063
56211.5 0.050
56212.5 0.035
56213.5 0.046
56214.5 0.039
56215.5 0.047
56216.5 0.050
56217.5 0.035
56218.5 0.048
56219.5 0.039
56220.5 0.049
56221.5 0.064
56222.5 0.000
56223.5 0.000
56224.5 0.000
56225.5 0.024
56226.5 0.000
56227.5 0.000
56228.5 0.000
56229.5 0.000
56230.5 0.000
56231.5 -0.014
56232.5 0.045
56233.5 0.035
56234.5 0.000
56235.5 0.000
56236.5 0.000
56237.5 0.000
56238.5 0.000
56239.5 0.000
56240.5 0.000
56241.5 0.000
56242.5 0.000
56243.5 0.000
56244.5 0.000
56245.5 0.000
56246.5 0.000
56247.5 0.038
56248.5 0.074
56249.5 0.054
56250.5 0.045
56251.5 0.046
56252.5 0.063
56253.5 0.045
56254.5 0.049
56255.5 0.050
56256.5 0.029
56257.5 0.035
56258.5 0.081
56259.5 0.036
56260.5 0.015
56261.5 0.049
56262.5 0.037
56263.5 0.050
56264.5 0.043
56265.5 0.028
56266.5 0.060
56267.5 0.029
56268.5 0.059
56269.5 0.040
56270.5 0.052
56271.5 0.050
56272.5 0.030
56273.5 0.045
56274.5 0.041
56275.5 0.040
56276.5 0.063
56277.5 0.022
56278.5 0.032
56279.5 0.055
56280.5 0.030
56281.5 0.031
56282.5 0.028
56283.5 0.033
56284.5 0.046
56285.5 0.042
56286.5 0.041
56287.5 0.046
56288.5 0.017
56289.5 0.039
56290.5 0.029
56291.5 0.036
56292.5 0.037
56293.5 0.040
56294.5 0.037
56295.5 0.000
56296.5 0.000
56297.5 0.000
56298.5 0.000
56299.5 0.000
56300.5 0.000
56301.5 0.000
56302.5 0.000
56303.5 0.000
56304.5 0.000
56305.5 0.000
56306.5 0.000
56307.5 0.000
56308.5 0.019
56309.5 0.000
56310.5 0.000
56311.5 0.000
56312.5 0.000
56313.5 0.000
56314.5 0.000
56315.5 0.000
56316.5 0.000
56317.5 0.000
56318.5 0.000
56319.5 0.000
56320.5 0.052
56321.5 0.035
56322.5 0.041
56323.5 0.023
56324.5 0.025
56325.5 0.046
56326.5 0.039
56327.5 0.037
56328.5 0.031
56329.5 0.040
56330.5 0.037
56331.5 0.043
56332.5 0.037
56333.5 0.054
56334.5 0.037
56335.5 0.052
56336.5 0.035
56337.5 0.036
56338.5 0.029
56339.5 0.044
56340.5 0.039
56341.5 0.051
56342.5 0.024
56343.5 0.058
56344.5 0.030
56345.5 0.036
56346.5 0.032
56347.5 0.045
56348.5 0.049
56349.5 0.048
56350.5 0.056
56351.5 0.039
56352.5 0.043
56353.5 0.035
56354.5 0.037
56355.5 0.036
56356.5 0.036
56357.5 0.033
56358.5 0.055
56359.5 0.050
56360.5 0.054
56361.5 0.060
56362.5 0.023
56363.5 0.040
56364.5 0.045
56365.5 0.022
56366.5 0.046
56367.5 0.000
56368.5 0.000
56369.5 0.000
56370.5 0.000
56371.5 0.000
56372.5 0.000
56373.5 0.000
56374.5 0.000
56375.5 0.000
56376.5 0.125
56377.5 0.056
56378.5 0.039
56379.5 0.000
56380.5 0.022
56381.5 0.000
56382.5 0.000
56383.5 0.000
56384.5 0.000
56385.5 0.000
56386.5 0.000
56387.5 0.000
56388.5 0.000
56389.5 0.000
56390.5 0.000
56391.5 0.000
56392.5 0.046
56393.5 -0.026
56394.5 0.000
56395.5 0.025
56396.5 0.027
56397.5 0.041
56398.5 0.050
56399.5 0.039
56400.5 0.040
56401.5 0.037
56402.5 0.039
56403.5 0.058
56404.5 0.049
56405.5 0.039
56406.5 0.040
56407.5 0.050
56408.5 0.036
56409.5 0.070
56410.5 0.034
56411.5 0.058
56412.5 0.041
56413.5 0.048
56414.5 0.040
56415.5 0.035
56416.5 0.060
56417.5 0.044
56418.5 0.047
56419.5 0.051
56420.5 0.043
56421.5 0.000
56422.5 0.000
56423.5 0.000
56424.5 0.000
56425.5 0.000
56426.5 0.000
56427.5 0.000
56428.5 0.000
56429.5 0.008
56430.5 0.048
56431.5 0.050
56432.5 0.054
56433.5 0.046
56434.5 0.012
56435.5 0.036
56436.5 0.041
56437.5 0.050
56438.5 0.015
56439.5 0.038
56440.5 0.025
56441.5 0.005
56442.5 0.000
56443.5 0.000
56444.5 0.000
56445.5 0.000
56446.5 0.000
56447.5 0.000
56448.5 0.000
56449.5 0.060
56450.5 0.604
56451.5 0.279
56452.5 0.019
56453.5 0.077
56454.5 0.000
56455.5 0.000
56456.5 0.000
56457.5 0.000
56458.5 0.000
56459.5 0.000
56460.5 0.000
56461.5 0.000
56462.5 0.000
56463.5 0.000
56464.5 0.017
56465.5 0.028
56466.5 0.023
56467.5 0.054
56468.5 0.035
56469.5 0.025
56470.5 0.045
56471.5 0.056
56472.5 0.054
56473.5 0.045
56474.5 0.039
56475.5 0.045
56476.5 0.023
56477.5 0.046
56478.5 0.057
56479.5 0.043
56480.5 0.042
56481.5 0.042
56482.5 0.056
56483.5 0.045
56484.5 0.035
56485.5 0.024
56486.5 0.036
56487.5 0.038
56488.5 0.038
56489.5 0.024
56490.5 0.051
56491.5 0.042
56492.5 0.050
56493.5 0.057
56494.5 0.046
56495.5 0.043
56496.5 0.031
56497.5 0.064
56498.5 0.043
56499.5 0.052
56500.5 0.032
56501.5 0.062
56502.5 0.025
56503.5 0.028
56504.5 0.057
56505.5 0.051
56506.5 0.031
56507.5 0.039
56508.5 0.040
56509.5 0.053
56510.5 0.000
56511.5 0.000
56512.5 0.000
56513.5 0.000
56514.5 0.000
56515.5 0.000
56516.5 0.000
56517.5 0.000
56518.5 0.000
56519.5 0.000
56520.5 0.000
56521.5 0.000
56522.5 0.000
56523.5 0.000
56524.5 0.000
56525.5 0.000
56526.5 0.000
56527.5 0.000
56528.5 0.000
56529.5 0.000
56530.5 0.000
56531.5 0.000
56532.5 0.000
56533.5 0.000
56534.5 0.000
56535.5 0.000
56536.5 0.000
56537.5 0.030
56538.5 0.035
56539.5 0.062
56540.5 0.036
56541.5 0.053
56542.5 0.039
56543.5 0.041
56544.5 0.034
56545.5 0.036
56546.5 0.075
56547.5 0.047
56548.5 0.084
56549.5 0.032
56550.5 0.046
56551.5 0.045
56552.5 0.053
56553.5 0.055
56554.5 0.055
56555.5 0.051
56556.5 0.042
56557.5 0.059
56558.5 0.050
56559.5 0.058
56560.5 0.052
56561.5 0.045
56562.5 0.039
56563.5 0.028
56564.5 0.037
56565.5 0.044
56566.5 0.040
56567.5 0.039
56568.5 0.041
56569.5 0.038
56570.5 0.053
56571.5 0.036
56572.5 0.026
56573.5 0.078
56574.5 0.026
56575.5 0.022
56576.5 0.035
56577.5 0.029
56578.5 0.045
56579.5 0.031
56580.5 0.056
56581.5 0.019
56582.5 0.023
56583.5 0.027
56584.5 0.063
56585.5 0.000
56586.5 0.000
56587.5 0.000
56588.5 0.000
56589.5 0.000
56590.5 0.000
56591.5 0.000
56592.5 0.000
56593.5 0.000
56594.5 0.000
56595.5 0.000
56596.5 0.000
56597.5 0.000
56598.5 0.000
56599.5 0.000
56600.5 0.000
56601.5 0.000
56602.5 0.000
56603.5 0.000
56604.5 0.000
56605.5 0.000
56606.5 0.000
56607.5 0.000
56608.5 0.000
56609.5 0.000
56610.5 0.038
56611.5 0.035
56612.5 0.036
56613.5 0.065
56614.5 0.036
56615.5 0.000
56616.5 0.039
56617.5 0.033
56618.5 0.035
56619.5 0.035
56620.5 0.057
56621.5 0.054
56622.5 0.038
56623.5 0.044
56624.5 0.037
56625.5 0.040
56626.5 0.036
56627.5 0.038
56628.5 0.041
56629.5 0.000
56630.5 0.048
56631.5 0.026
56632.5 0.047
56633.5 0.051
56634.5 0.042
56635.5 0.055
56636.5 0.016
56637.5 0.027
56638.5 0.049
56639.5 0.036
56640.5 0.059
56641.5 0.022
56642.5 0.044
56643.5 0.042
56644.5 0.050
56645.5 0.068
56646.5 0.043
56647.5 0.044
56648.5 0.052
56649.5 0.045
56650.5 0.025
56651.5 0.056
56652.5 0.035
56653.5 0.038
56654.5 0.036
56655.5 0.042
56656.5 0.020
56657.5 0.000
56658.5 0.000
56659.5 0.000
56660.5 0.000
56661.5 0.000
56662.5 0.000
56663.5 0.000
56664.5 0.000
56665.5 0.000
56666.5 0.000
56667.5 0.000
56668.5 0.000
56669.5 0.000
56670.5 0.000
56671.5 0.000
56672.5 0.000
56673.5 0.000
56674.5 0.000
56675.5 0.000
56676.5 0.000
56677.5 0.000
56678.5 0.000
56679.5 0.000
56680.5 0.000
56681.5 0.000
56682.5 0.000
56683.5 0.043
56684.5 0.068
56685.5 0.025
56686.5 0.075
56687.5 0.038
56688.5 0.050
56689.5 0.046
56690.5 0.060
56691.5 0.041
56692.5 0.052
56693.5 0.044
56694.5 0.012
56695.5 0.066
56696.5 0.047
56697.5 0.033
56698.5 0.077
56699.5 0.029
56700.5 0.068
56701.5 0.041
56702.5 0.043
56703.5 0.036
56704.5 0.054
56705.5 0.050
56706.5 0.040
56707.5 0.036
56708.5 0.028
56709.5 0.044
56710.5 0.034
56711.5 0.044
56712.5 0.051
56713.5 0.040
56714.5 0.042
56715.5 0.048
56716.5 0.038
56717.5 0.049
56718.5 0.033
56719.5 0.037
56720.5 0.035
56721.5 0.042
56722.5 0.050
56723.5 0.060
56724.5 0.046
56725.5 0.060
56726.5 0.053
56727.5 0.062
56728.5 0.047
56729.5 0.001
56730.5 0.000
56731.5 0.000
56732.5 0.000
56733.5 0.000
56734.5 0.000
56735.5 0.000
56736.5 0.000
56737.5 0.000
56738.5 0.000
56739.5 0.000
56740.5 0.000
56741.5 0.000
56742.5 0.000
56743.5 0.000
56744.5 0.000
56745.5 0.000
56746.5 0.000
56747.5 0.000
56748.5 0.000
56749.5 0.000
56750.5 0.000
56751.5 0.000
56752.5 0.000
56753.5 0.027
56754.5 0.054
56755.5 0.032
56756.5 0.037
56757.5 0.019
56758.5 0.022
56759.5 0.044
56760.5 0.047
56761.5 0.048
56762.5 0.039
56763.5 0.046
56764.5 0.051
56765.5 0.041
56766.5 0.079
56767.5 0.035
56768.5 0.031
56769.5 0.028
56770.5 0.030
56771.5 0.034
56772.5 0.035
56773.5 0.078
56774.5 0.044
56775.5 0.042
56776.5 0.040
56777.5 0.040
56778.5 0.038
56779.5 0.037
56780.5 0.052
56781.5 0.054
56782.5 0.042
56783.5 0.066
56784.5 0.038
56785.5 0.000
56786.5 0.000
56787.5 0.000
56788.5 0.000
56789.5 0.000
56790.5 0.000
56791.5 0.000
56792.5 0.000
56793.5 0.047
56794.5 0.043
56795.5 0.006
56796.5 0.030
56797.5 0.059
56798.5 0.007
56799.5 0.000
56800.5 0.041
56801.5 0.043
56802.5 0.034
56803.5 0.000
56804.5 0.000
56805.5 0.041
56806.5 0.011
56807.5 0.000
56808.5 0.000
56809.5 0.000
56810.5 0.000
56811.5 0.000
56812.5 0.000
56813.5 0.000
56814.5 0.000
56815.5 0.000
56816.5 0.000
56817.5 0.000
56818.5 0.000
56819.5 0.000
56820.5 0.000
56821.5 0.000
56822.5 0.000
56823.5 0.000
56824.5 0.000
56825.5 0.000
56826.5 0.000
56827.5 0.000
56828.5 0.026
56829.5 0.044
56830.5 0.053
56831.5 0.042
56832.5 0.035
56833.5 0.065
56834.5 0.057
56835.5 0.051
56836.5 0.027
56837.5 0.049
56838.5 0.041
56839.5 0.024
56840.5 0.049
56841.5 0.045
56842.5 0.030
56843.5 0.048
56844.5 0.035
56845.5 0.047
56846.5 0.037
56847.5 0.056
56848.5 0.000
56849.5 0.000
56850.5 0.058
56851.5 0.063
56852.5 0.050
56853.5 0.043
56854.5 0.039
56855.5 0.050
56856.5 0.041
56857.5 0.041
56858.5 0.043
56859.5 0.037
56860.5 0.095
56861.5 0.041
56862.5 0.044
56863.5 0.061
56864.5 0.037
56865.5 0.037
56866.5 0.028
56867.5 0.065
56868.5 0.043
56869.5 0.058
56870.5 0.044
56871.5 0.034
56872.5 0.039
56873.5 0.000
56874.5 0.000
56875.5 0.000
56876.5 0.000
56877.5 0.000
56878.5 0.000
56879.5 0.000
56880.5 0.000
56881.5 0.000
56882.5 0.000
56883.5 0.000
56884.5 0.000
56885.5 0.000
56886.5 0.000
56887.5 0.000
56888.5 0.000
56889.5 0.000
56890.5 0.000
56891.5 0.000
56892.5 0.000
56893.5 0.000
56894.5 0.000
56895.5 0.000
56896.5 0.000
56897.5 0.000
56898.5 0.000
56899.5 0.000
56900.5 0.059
56901.5 -0.026
56902.5 0.053
56903.5 0.044
56904.5 0.052
56905.5 0.051
56906.5 0.035
56907.5 0.053
56908.5 0.048
56909.5 0.059
56910.5 0.033
56911.5 0.077
56912.5 0.033
56913.5 0.051
56914.5 0.048
56915.5 0.048
56916.5 0.038
56917.5 0.054
56918.5 0.045
56919.5 0.047
56920.5 0.070
56921.5 0.041
56922.5 0.080
56923.5 0.058
56924.5 0.044
56925.5 0.052
56926.5 0.000
56927.5 0.047
56928.5 0.049
56929.5 0.070
56930.5 0.057
56931.5 0.033
56932.5 0.050
56933.5 0.066
56934.5 0.051
56935.5 0.050
56936.5 0.029
56937.5 0.056
56938.5 0.044
56939.5 0.039
56940.5 0.041
56941.5 0.048
56942.5 0.034
56943.5 0.037
56944.5 0.036
56945.5 0.051
56946.5 0.025
56947.5 0.026
56948.5 0.000
56949.5 0.000
56950.5 0.000
56951.5 0.000
56952.5 0.000
56953.5 0.000
56954.5 0.000
56955.5 0.000
56956.5 0.000
56957.5 0.000
56958.5 0.000
56959.5 0.000
56960.5 0.000
56961.5 0.000
56962.5 0.000
56963.5 0.000
56964.5 0.000
56965.5 0.000
56966.5 0.000
56967.5 0.000
56968.5 0.000
56969.5 0.000
56970.5 0.000
56971.5 0.000
56972.5 0.000
56973.5 0.072
56974.5 0.045
56975.5 0.049
56976.5 0.051
56977.5 0.066
56978.5 0.027
56979.5 0.049
56980.5 0.041
56981.5 0.043
56982.5 0.034
56983.5 0.062
56984.5 0.035
56985.5 0.044
56986.5 0.039
56987.5 0.056
56988.5 0.056
56989.5 0.047
56990.5 0.049
56991.5 0.058
56992.5 0.030
56993.5 0.050
56994.5 0.066
56995.5 0.065
56996.5 0.050
56997.5 0.048
56998.5 0.000
56999.5 0.000
57000.5 0.052
57001.5 0.041
57002.5 0.017
57003.5 0.067
57004.5 0.037
57005.5 0.029
57006.5 0.043
57007.5 0.038
57008.5 0.047
57009.5 0.063
57010.5 0.050
57011.5 0.066
57012.5 0.030
57013.5 0.060
57014.5 0.053
57015.5 0.036
57016.5 0.025
57017.5 0.041
57018.5 0.073
57019.5 0.043
57020.5 0.000
57021.5 0.000
57022.5 0.000
57023.5 0.000
57024.5 0.000
57025.5 0.000
57026.5 0.000
57027.5 0.000
57028.5 0.000
57029.5 0.000
57030.5 0.000
57031.5 0.000
57032.5 0.000
57033.5 0.000
57034.5 0.000
57035.5 0.000
57036.5 0.000
57037.5 0.000
57038.5 0.000
57039.5 0.000
57040.5 0.000
57041.5 0.000
57042.5 0.000
57043.5 0.000
57044.5 0.000
57045.5 0.014
57046.5 0.058
57047.5 0.036
57048.5 0.000
57049.5 0.000
57050.5 0.044
57051.5 0.045
57052.5 0.049
57053.5 0.068
57054.5 0.059
57055.5 0.046
57056.5 0.013
57057.5 0.035
57058.5 0.043
57059.5 0.039
57060.5 0.046
57061.5 0.052
57062.5 0.064
57063.5 0.054
57064.5 0.063
57065.5 0.040
57066.5 0.046
57067.5 0.040
57068.5 0.028
57069.5 0.047
57070.5 0.050
57071.5 0.040
57072.5 0.048
57073.5 0.046
57074.5 0.028
57075.5 0.034
57076.5 0.037
57077.5 0.047
57078.5 0.058
57079.5 0.023
57080.5 0.037
57081.5 0.054
57082.5 0.045
57083.5 0.033
57084.5 0.048
57085.5 0.020
57086.5 0.047
57087.5 0.042
57088.5 0.045
57089.5 0.050
57090.5 0.020
57091.5 0.050
57092.5 0.007
57093.5 0.000
57094.5 0.000
57095.5 0.000
57096.5 0.000
57097.5 0.000
57098.5 0.000
57099.5 0.000
57100.5 0.000
57101.5 0.000
57102.5 0.000
57103.5 0.000
57104.5 0.000
57105.5 0.000
57106.5 0.000
57107.5 0.000
57108.5 0.000
57109.5 0.067
57110.5 0.000
57111.5 0.000
57112.5 0.000
57113.5 0.000
57114.5 0.000
57115.5 0.000
57116.5 0.000
57117.5 0.076
57118.5 0.022
57119.5 0.033
57120.5 -0.014
57121.5 0.026
57122.5 0.033
57123.5 0.050
57124.5 0.049
57125.5 0.026
57126.5 0.054
57127.5 0.063
57128.5 0.046
57129.5 0.064
57130.5 0.046
57131.5 0.032
57132.5 0.034
57133.5 0.045
57134.5 0.038
57135.5 0.040
57136.5 0.031
57137.5 0.049
57138.5 0.030
57139.5 0.031
57140.5 0.068
57141.5 0.071
57142.5 0.042
57143.5 0.047
57144.5 0.065
57145.5 0.042
57146.5 0.036
57147.5 0.034
57148.5 0.000
57149.5 0.000
57150.5 0.000
57151.5 0.000
57152.5 0.000
57153.5 0.000
57154.5 0.000
57155.5 -0.004
57156.5 0.056
57157.5 0.079
57158.5 0.041
57159.5 0.037
57160.5 0.032
57161.5 0.023
57162.5 0.035
57163.5 0.031
57164.5 0.052
57165.5 0.000
57166.5 0.000
57167.5 0.000
57168.5 0.000
57169.5 0.000
57170.5 0.000
57171.5 0.000
57172.5 0.000
57173.5 0.000
57174.5 0.000
57175.5 0.000
57176.5 0.000
57177.5 0.000
57178.5 0.000
57179.5 0.000
57180.5 0.000
57181.5 0.000
57182.5 0.000
57183.5 0.000
57184.5 0.000
57185.5 0.000
57186.5 0.000
57187.5 0.000
57188.5 0.000
57189.5 0.000
57190.5 0.022
57191.5 0.054
57192.5 0.045
57193.5 0.063
57194.5 0.096
57195.5 0.069
57196.5 0.076
57197.5 0.052
57198.5 0.000
57199.5 0.000
57200.5 0.074
57201.5 0.070
57202.5 0.068
57203.5 0.053
57204.5 0.046
57205.5 0.052
57206.5 0.073
57207.5 0.058
57208.5 0.057
57209.5 0.035
57210.5 0.061
57211.5 0.069
57212.5 0.065
57213.5 0.053
57214.5 0.079
57215.5 0.063
57216.5 0.048
57217.5 0.053
57218.5 0.048
57219.5 0.066
57220.5 0.052
57221.5 0.036
57222.5 0.044
57223.5 0.050
57224.5 0.042
57225.5 0.051
57226.5 0.039
57227.5 0.046
57228.5 0.064
57229.5 0.053
57230.5 0.047
57231.5 0.030
57232.5 0.039
57233.5 0.032
57234.5 0.051
57235.5 0.053
57236.5 0.000
57237.5 0.000
57238.5 0.000
57239.5 0.000
57240.5 0.000
57241.5 0.000
57242.5 0.000
57243.5 0.000
57244.5 0.000
57245.5 0.000
57246.5 0.000
57247.5 0.000
57248.5 0.000
57249.5 0.000
57250.5 0.000
57251.5 0.000
57252.5 0.000
57253.5 0.000
57254.5 0.000
57255.5 0.000
57256.5 0.000
57257.5 0.000
57258.5 0.000
57259.5 0.000
57260.5 0.000
57261.5 0.000
57262.5 0.046
57263.5 0.047
57264.5 0.033
57265.5 0.072
57266.5 0.048
57267.5 0.031
57268.5 0.049
57269.5 0.045
57270.5 0.050
57271.5 0.045
57272.5 0.044
57273.5 0.050
57274.5 0.066
57275.5 0.052
57276.5 0.055
57277.5 0.047
57278.5 0.052
57279.5 0.062
57280.5 0.044
57281.5 0.033
57282.5 0.065
57283.5 0.044
57284.5 0.038
57285.5 0.028
57286.5 0.038
57287.5 0.049
57288.5 0.056
57289.5 0.058
57290.5 0.066
57291.5 0.034
57292.5 0.043
57293.5 0.060
57294.5 0.037
57295.5 0.063
57296.5 0.049
57297.5 0.057
57298.5 0.000
57299.5 0.000
57300.5 0.077
57301.5 0.055
57302.5 0.027
57303.5 0.042
57304.5 0.053
57305.5 0.052
57306.5 0.053
57307.5 0.030
57308.5 0.047
57309.5 0.000
57310.5 0.000
57311.5 0.000
57312.5 0.000
57313.5 0.000
57314.5 0.000
57315.5 0.000
57316.5 0.000
57317.5 0.000
57318.5 0.000
57319.5 0.000
57320.5 0.000
57321.5 0.000
57322.5 0.000
57323.5 0.000
57324.5 0.000
57325.5 0.000
57326.5 0.000
57327.5 0.000
57328.5 0.000
57329.5 0.000
57330.5 0.000
57331.5 0.000
57332.5 0.000
57333.5 0.000
57334.5 0.079
57335.5 0.073
57336.5 0.055
57337.5 0.077
57338.5 0.036
57339.5 0.073
57340.5 0.061
57341.5 0.075
57342.5 0.063
57343.5 0.072
57344.5 0.058
57345.5 0.077
57346.5 0.039
57347.5 0.065
57348.5 0.000
57349.5 0.000
57350.5 0.067
57351.5 0.085
57352.5 0.071
57353.5 0.066
57354.5 0.060
57355.5 0.051
57356.5 0.047
57357.5 0.081
57358.5 0.061
57359.5 0.056
57360.5 0.038
57361.5 0.035
57362.5 0.044
57363.5 0.060
57364.5 0.061
57365.5 0.060
57366.5 0.060
57367.5 0.060
57368.5 0.067
57369.5 0.037
57370.5 0.078
57371.5 0.059
57372.5 0.063
57373.5 0.037
57374.5 0.085
57375.5 0.075
57376.5 0.067
57377.5 0.055
57378.5 0.056
57379.5 0.054
57380.5 0.037
57381.5 0.000
57382.5 0.000
57383.5 0.000
57384.5 0.000
57385.5 0.000
57386.5 0.000
57387.5 0.000
57388.5 0.000
57389.5 0.000
57390.5 0.000
57391.5 0.000
57392.5 0.000
57393.5 0.000
57394.5 0.000
57395.5 0.000
57396.5 0.000
57397.5 0.000
57398.5 0.000
57399.5 0.000
57400.5 0.000
57401.5 0.000
57402.5 0.000
57403.5 0.000
57404.5 0.000
57405.5 0.000
57406.5 0.047
57407.5 0.049
57408.5 0.027
57409.5 0.061
57410.5 0.066
57411.5 0.051
57412.5 0.063
57413.5 0.050
57414.5 0.052
57415.5 0.053
57416.5 0.059
57417.5 0.029
57418.5 0.083
57419.5 0.067
57420.5 0.052
57421.5 0.063
57422.5 0.054
57423.5 0.050
57424.5 0.049
57425.5 0.053
57426.5 0.066
57427.5 0.070
57428.5 0.066
57429.5 0.074
57430.5 0.059
57431.5 0.069
57432.5 0.046
57433.5 0.060
57434.5 0.061
57435.5 0.045
57436.5 0.084
57437.5 0.066
57438.5 0.049
57439.5 0.090
57440.5 0.041
57441.5 0.052
57442.5 0.092
57443.5 0.054
57444.5 0.066
57445.5 0.052
57446.5 0.062
57447.5 0.055
57448.5 0.068
57449.5 0.089
57450.5 0.074
57451.5 0.053
57452.5 0.058
57453.5 0.000
57454.5 0.000
57455.5 0.000
57456.5 0.000
57457.5 0.000
57458.5 0.000
57459.5 0.000
57460.5 0.000
57461.5 0.000
57462.5 0.000
57463.5 0.000
57464.5 0.000
57465.5 0.000
57466.5 0.000
57467.5 0.000
57468.5 0.000
57469.5 0.000
57470.5 0.000
57471.5 0.000
57472.5 0.000
57473.5 0.000
57474.5 0.000
57475.5 0.000
57476.5 0.000
57477.5 0.000
57478.5 0.051
57479.5 0.072
57480.5 0.060
57481.5 0.015
57482.5 0.061
57483.5 0.072
57484.5 0.074
57485.5 0.041
57486.5 0.093
57487.5 0.057
57488.5 0.071
57489.5 0.041
57490.5 0.063
57491.5 0.078
57492.5 0.076
57493.5 0.075
57494.5 0.059
57495.5 0.039
57496.5 0.069
57497.5 0.064
57498.5 0.108
57499.5 0.064
57500.5 0.080
57501.5 0.066
57502.5 0.072
57503.5 0.054
57504.5 0.077
57505.5 0.083
57506.5 0.069
57507.5 0.091
57508.5 0.052
57509.5 0.056
57510.5 0.066
57511.5 0.000
57512.5 0.000
57513.5 0.000
57514.5 0.000
57515.5 0.000
57516.5 0.000
57517.5 0.000
57518.5 0.000
57519.5 0.000
57520.5 0.084
57521.5 0.063
57522.5 0.042
57523.5 0.041
57524.5 0.070
57525.5 0.027
57526.5 0.000
57527.5 0.000
57528.5 0.000
57529.5 0.000
57530.5 0.000
57531.5 0.000
57532.5 0.000
57533.5 0.000
57534.5 0.000
57535.5 0.000
57536.5 0.000
57537.5 0.000
57538.5 0.000
57539.5 0.000
57540.5 0.000
57541.5 0.000
57542.5 0.000
57543.5 0.000
57544.5 0.000
57545.5 0.000
57546.5 0.000
57547.5 0.000
57548.5 0.000
57549.5 0.000
57550.5 0.000
57551.5 0.000
57552.5 0.000
57553.5 0.029
57554.5 0.054
57555.5 0.000
57556.5 0.050
57557.5 0.065
57558.5 0.042
57559.5 0.052
57560.5 0.039
57561.5 0.066
57562.5 0.071
57563.5 0.046
57564.5 0.048
57565.5 0.045
57566.5 0.046
57567.5 0.058
57568.5 0.066
57569.5 0.087
57570.5 0.029
57571.5 0.055
57572.5 0.068
57573.5 0.054
57574.5 0.072
57575.5 0.083
57576.5 0.061
57577.5 0.043
57578.5 0.087
57579.5 0.071
57580.5 0.082
57581.5 0.048
57582.5 0.065
57583.5 0.049
57584.5 0.065
57585.5 0.069
57586.5 0.087
57587.5 0.065
57588.5 0.061
57589.5 0.050
57590.5 0.072
57591.5 0.072
57592.5 0.057
57593.5 0.093
57594.5 0.050
57595.5 0.069
57596.5 0.057
57597.5 0.059
57598.5 0.000
57599.5 0.000
57600.5 0.000
57601.5 0.000
57602.5 0.000
57603.5 0.000
57604.5 0.000
57605.5 0.000
57606.5 0.000
57607.5 0.000
57608.5 0.000
57609.5 0.000
57610.5 0.000
57611.5 0.000
57612.5 0.000
57613.5 0.000
57614.5 0.000
57615.5 0.000
57616.5 0.000
57617.5 0.000
57618.5 0.000
57619.5 0.000
57620.5 0.000
57621.5 0.000
57622.5 0.042
57623.5 0.074
57624.5 0.049
57625.5 0.038
57626.5 0.065
57627.5 0.077
57628.5 0.029
57629.5 0.045
57630.5 0.056
57631.5 0.077
57632.5 0.071
57633.5 0.075
57634.5 0.044
57635.5 0.068
57636.5 0.059
57637.5 0.062
57638.5 0.054
57639.5 0.069
57640.5 0.060
57641.5 0.069
57642.5 0.056
57643.5 0.035
57644.5 0.073
57645.5 0.045
57646.5 0.060
57647.5 0.082
57648.5 0.075
57649.5 0.041
57650.5 0.045
57651.5 0.054
57652.5 0.075
57653.5 0.091
57654.5 0.052
57655.5 0.055
57656.5 0.048
57657.5 0.055
57658.5 0.052
57659.5 0.071
57660.5 0.063
57661.5 0.056
57662.5 0.066
57663.5 0.045
57664.5 0.049
57665.5 0.055
57666.5 0.045
57667.5 0.057
57668.5 0.076
57669.5 0.038
57670.5 0.000
57671.5 0.000
57672.5 0.000
57673.5 0.000
57674.5 0.000
57675.5 0.000
57676.5 0.000
57677.5 0.000
57678.5 0.000
57679.5 0.000
57680.5 0.000
57681.5 0.000
57682.5 0.000
57683.5 0.000
57684.5 0.000
57685.5 0.000
57686.5 0.000
57687.5 0.000
57688.5 0.000
57689.5 0.000
57690.5 0.000
57691.5 0.000
57692.5 0.000
57693.5 0.000
57694.5 0.000
57695.5 0.065
57696.5 0.073
57697.5 0.066
57698.5 0.063
57699.5 0.049
57700.5 0.000
57701.5 0.054
57702.5 0.067
57703.5 0.063
57704.5 0.054
57705.5 0.080
57706.5 0.050
57707.5 0.044
57708.5 0.069
57709.5 0.049
57710.5 0.051
57711.5 0.073
57712.5 0.032
57713.5 0.053
57714.5 0.057
57715.5 0.084
57716.5 0.057
57717.5 0.055
57718.5 0.071
57719.5 0.053
57720.5 0.062
57721.5 0.066
57722.5 0.062
57723.5 0.062
57724.5 0.072
57725.5 0.062
57726.5 0.049
57727.5 0.050
57728.5 0.064
57729.5 0.084
57730.5 0.074
57731.5 0.068
57732.5 0.071
57733.5 0.124
57734.5 0.063
57735.5 0.054
57736.5 0.063
57737.5 0.067
57738.5 0.046
57739.5 0.066
57740.5 0.054
57741.5 0.040
57742.5 0.000
57743.5 0.000
57744.5 0.000
57745.5 0.000
57746.5 0.000
57747.5 0.000
57748.5 0.000
57749.5 0.000
57750.5 0.000
57751.5 0.000
57752.5 0.000
57753.5 0.000
57754.5 0.000
57755.5 0.000
57756.5 0.000
57757.5 0.000
57758.5 0.000
57759.5 0.000
57760.5 0.000
57761.5 0.000
57762.5 0.000
57763.5 0.000
57764.5 0.000
57765.5 0.000
57766.5 0.000
57767.5 0.041
57768.5 0.058
57769.5 0.070
57770.5 0.084
57771.5 0.078
57772.5 0.070
57773.5 0.058
57774.5 0.061
57775.5 0.072
57776.5 0.078
57777.5 0.088
57778.5 0.066
57779.5 0.000
57780.5 0.000
57781.5 0.000
57782.5 0.000
57783.5 0.000
57784.5 0.000
57785.5 0.000
57786.5 0.000
57787.5 0.000
57788.5 0.000
57789.5 0.000
57790.5 0.000
57791.5 0.000
57792.5 0.060
57793.5 0.057
57794.5 0.077
57795.5 0.068
57796.5 0.047
57797.5 0.041
57798.5 0.073
57799.5 0.035
57800.5 0.077
57801.5 0.039
57802.5 0.069
57803.5 0.067
57804.5 0.047
57805.5 0.046
57806.5 0.081
57807.5 0.057
57808.5 0.058
57809.5 0.067
57810.5 0.040
57811.5 0.070
57812.5 0.056
57813.5 0.037
57814.5 0.140
57815.5 0.000
57816.5 0.000
57817.5 0.000
57818.5 0.000
57819.5 0.000
57820.5 0.000
57821.5 0.000
57822.5 0.000
57823.5 0.000
57824.5 0.000
57825.5 0.000
57826.5 0.000
57827.5 0.000
57828.5 0.000
57829.5 0.000
57830.5 0.000
57831.5 0.000
57832.5 0.000
57833.5 0.000
57834.5 0.000
57835.5 0.000
57836.5 0.000
57837.5 0.000
57838.5 0.000
57839.5 0.030
57840.5 0.082
57841.5 0.020
57842.5 0.035
57843.5 0.005
57844.5 0.051
57845.5 0.060
57846.5 0.069
57847.5 0.050
57848.5 0.052
57849.5 0.050
57850.5 0.082
57851.5 0.056
57852.5 0.054
57853.5 0.046
57854.5 0.078
57855.5 0.035
57856.5 0.091
57857.5 0.112
57858.5 0.059
57859.5 0.056
57860.5 0.064
57861.5 0.051
57862.5 0.062
57863.5 0.056
57864.5 0.049
57865.5 0.070
57866.5 0.076
57867.5 0.074
57868.5 0.069
57869.5 0.061
57870.5 0.055
57871.5 0.052
57872.5 0.058
57873.5 0.194
57874.5 0.000
57875.5 0.000
57876.5 0.000
57877.5 0.000
57878.5 0.000
57879.5 0.000
57880.5 0.000
57881.5 0.000
57882.5 -0.015
57883.5 0.132
57884.5 0.066
57885.5 0.055
57886.5 0.009
57887.5 0.000
57888.5 0.000
57889.5 0.000
57890.5 0.000
57891.5 0.000
57892.5 0.000
57893.5 0.000
57894.5 0.000
57895.5 0.000
57896.5 0.000
57897.5 0.000
57898.5 0.000
57899.5 0.000
57900.5 0.000
57901.5 0.000
57902.5 0.000
57903.5 0.000
57904.5 0.000
57905.5 0.000
57906.5 0.000
57907.5 0.000
57908.5 0.000
57909.5 0.000
57910.5 0.000
57911.5 0.000
57912.5 0.000
57913.5 0.000
57914.5 0.000
57915.5 0.000
57916.5 0.015
57917.5 0.029
57918.5 0.023
57919.5 0.000
57920.5 0.021
57921.5 0.027
57922.5 0.047
57923.5 0.030
57924.5 0.038
57925.5 0.056
57926.5 0.054
57927.5 0.031
57928.5 0.043
57929.5 0.040
57930.5 0.032
57931.5 0.014
57932.5 0.062
57933.5 0.044
57934.5 0.032
57935.5 0.041
57936.5 0.045
57937.5 0.036
57938.5 0.035
57939.5 0.052
57940.5 0.032
57941.5 0.040
57942.5 0.034
57943.5 0.031
57944.5 0.017
57945.5 0.048
57946.5 0.043
57947.5 0.035
57948.5 0.054
57949.5 0.046
57950.5 0.046
57951.5 0.047
57952.5 0.059
57953.5 0.051
57954.5 0.034
57955.5 0.049
57956.5 0.048
57957.5 0.034
57958.5 0.064
57959.5 0.000
57960.5 0.000
57961.5 0.000
57962.5 0.066
57963.5 0.039
57964.5 0.000
57965.5 0.000
57966.5 0.000
57967.5 0.000
57968.5 0.000
57969.5 0.000
57970.5 0.000
57971.5 0.000
57972.5 0.000
57973.5 0.000
57974.5 0.000
57975.5 0.000
57976.5 0.000
57977.5 0.000
57978.5 0.000
57979.5 0.000
57980.5 0.000
57981.5 0.000
57982.5 0.000
57983.5 0.000
57984.5 0.040
57985.5 0.051
57986.5 0.027
57987.5 0.038
57988.5 0.033
57989.5 0.038
57990.5 0.016
57991.5 0.033
57992.5 0.020
57993.5 0.050
57994.5 0.045
57995.5 0.031
57996.5 0.030
57997.5 0.018
57998.5 0.059
57999.5 0.036
58000.5 0.047
58001.5 0.044
58002.5 0.037
58003.5 0.027
58004.5 0.034
58005.5 0.033
58006.5 0.032
58007.5 0.037
58008.5 0.031
58009.5 0.040
58010.5 0.028
58011.5 0.025
58012.5 0.032
58013.5 0.042
58014.5 0.044
58015.5 0.031
58016.5 0.038
58017.5 0.031
58018.5 0.045
58019.5 0.065
58020.5 0.008
58021.5 0.048
58022.5 0.029
58023.5 0.041
58024.5 0.020
58025.5 0.020
58026.5 0.070
58027.5 0.033
58028.5 0.043
58029.5 0.015
58030.5 0.009
58031.5 0.000
58032.5 0.000
58033.5 0.000
58034.5 0.000
58035.5 0.000
58036.5 0.000
58037.5 0.000
58038.5 0.000
58039.5 0.000
58040.5 0.000
58041.5 0.000
58042.5 0.000
58043.5 0.000
58044.5 0.000
58045.5 0.000
58046.5 0.000
58047.5 0.000
58048.5 0.000
58049.5 0.000
58050.5 0.000
58051.5 0.000
58052.5 0.000
58053.5 0.000
58054.5 0.000
58055.5 0.000
58056.5 0.070
58057.5 0.033
58058.5 0.034
58059.5 0.056
58060.5 0.029
58061.5 0.040
58062.5 0.015
58063.5 0.028
58064.5 0.040
58065.5 0.044
58066.5 0.059
58067.5 0.024
58068.5 0.025
58069.5 0.043
58070.5 0.036
58071.5 0.013
58072.5 0.052
58073.5 0.021
58074.5 0.021
58075.5 0.036
58076.5 0.057
58077.5 0.048
58078.5 0.039
58079.5 0.038
58080.5 0.030
58081.5 0.031
58082.5 0.053
58083.5 0.036
58084.5 0.048
58085.5 0.042
58086.5 0.029
58087.5 0.027
58088.5 0.031
58089.5 0.038
58090.5 0.026
58091.5 0.022
58092.5 0.023
58093.5 0.026
58094.5 0.022
58095.5 0.045
58096.5 0.050
58097.5 0.031
58098.5 0.061
58099.5 0.054
58100.5 0.040
58101.5 0.038
58102.5 0.044
58103.5 0.000
58104.5 0.000
58105.5 0.000
58106.5 0.000
58107.5 0.000
58108.5 0.000
58109.5 0.000
58110.5 0.000
58111.5 0.000
58112.5 0.000
58113.5 0.000
58114.5 0.000
58115.5 0.000
58116.5 0.000
58117.5 0.000
58118.5 0.000
58119.5 0.000
58120.5 0.000
58121.5 0.000
58122.5 0.000
58123.5 0.000
58124.5 0.000
58125.5 0.000
58126.5 0.000
58127.5 0.000
58128.5 0.051
58129.5 0.067
58130.5 0.041
58131.5 0.023
58132.5 0.030
58133.5 0.031
58134.5 0.031
58135.5 0.036
58136.5 0.046
58137.5 0.051
58138.5 0.045
58139.5 0.016
58140.5 0.033
58141.5 0.043
58142.5 0.045
58143.5 0.035
58144.5 0.036
58145.5 0.039
58146.5 0.042
58147.5 0.041
58148.5 0.031
58149.5 0.041
58150.5 0.037
58151.5 0.049
58152.5 0.054
58153.5 0.026
58154.5 0.054
58155.5 0.037
58156.5 0.035
58157.5 0.032
58158.5 0.028
58159.5 0.045
58160.5 0.037
58161.5 0.027
58162.5 0.026
58163.5 0.015
58164.5 0.029
58165.5 0.025
58166.5 0.044
58167.5 0.055
58168.5 0.032
58169.5 0.026
58170.5 0.041
58171.5 0.033
58172.5 0.049
58173.5 0.048
58174.5 0.042
58175.5 0.000
58176.5 0.000
58177.5 0.000
58178.5 0.000
58179.5 0.000
58180.5 0.000
58181.5 0.000
58182.5 0.000
58183.5 0.000
58184.5 0.000
58185.5 0.000
58186.5 0.000
58187.5 0.000
58188.5 0.000
58189.5 0.000
58190.5 0.000
58191.5 0.000
58192.5 0.000
58193.5 0.000
58194.5 0.000
58195.5 0.000
58196.5 0.000
58197.5 0.000
58198.5 0.000
58199.5 0.000
58200.5 0.064
58201.5 0.058
58202.5 0.036
58203.5 0.021
58204.5 0.065
58205.5 0.047
58206.5 0.028
58207.5 0.041
58208.5 0.038
58209.5 0.043
58210.5 0.034
58211.5 0.035
58212.5 0.020
58213.5 0.032
58214.5 0.032
58215.5 0.033
58216.5 0.023
58217.5 0.038
58218.5 0.043
58219.5 0.035
58220.5 0.047
58221.5 0.046
58222.5 0.037
58223.5 0.023
58224.5 0.027
58225.5 0.029
58226.5 0.045
58227.5 0.040
58228.5 0.033
58229.5 0.044
58230.5 0.044
58231.5 0.038
58232.5 0.024
58233.5 0.028
58234.5 0.029
58235.5 0.025
58236.5 0.000
58237.5 0.000
58238.5 0.000
58239.5 0.000
58240.5 0.000
58241.5 0.000
58242.5 0.000
58243.5 0.000
58244.5 0.000
58245.5 0.000
58246.5 0.000
58247.5 0.000
58248.5 0.000
58249.5 0.000
58250.5 0.000
58251.5 0.000
58252.5 0.000
58253.5 0.000
58254.5 0.000
58255.5 0.000
58256.5 0.000
58257.5 0.000
58258.5 0.000
58259.5 0.000
58260.5 0.000
58261.5 0.000
58262.5 0.000
58263.5 0.000
58264.5 0.000
58265.5 0.000
58266.5 0.000
58267.5 0.000
58268.5 0.000
58269.5 0.000
58270.5 0.000
58271.5 0.000
58272.5 0.000
58273.5 0.000
58274.5 0.000
58275.5 0.000
58276.5 0.000
58277.5 0.000
58278.5 0.000
58279.5 0.005
58280.5 0.049
58281.5 0.037
58282.5 0.040
58283.5 0.035
58284.5 0.028
58285.5 0.026
58286.5 0.040
58287.5 0.051
58288.5 0.043
58289.5 0.033
58290.5 0.036
58291.5 0.025
58292.5 0.046
58293.5 0.048
58294.5 0.033
58295.5 0.047
58296.5 0.031
58297.5 0.043
58298.5 0.032
58299.5 0.029
58300.5 0.028
58301.5 0.039
58302.5 0.040
58303.5 0.031
58304.5 0.032
58305.5 0.020
58306.5 0.046
58307.5 0.045
58308.5 0.021
58309.5 0.045
58310.5 0.029
58311.5 0.042
58312.5 0.047
58313.5 0.036
58314.5 0.027
58315.5 0.024
58316.5 0.036
58317.5 0.027
58318.5 0.056
58319.5 0.040
58320.5 0.000
58321.5 0.000
58322.5 0.000
58323.5 0.000
58324.5 0.000
58325.5 0.000
58326.5 0.000
58327.5 0.000
58328.5 0.000
58329.5 0.000
58330.5 0.000
58331.5 0.000
58332.5 0.000
58333.5 0.000
58334.5 0.000
58335.5 0.000
58336.5 0.000
58337.5 0.000
58338.5 0.000
58339.5 0.000
58340.5 0.000
58341.5 0.000
58342.5 0.000
58343.5 0.000
58344.5 0.000
58345.5 0.052
58346.5 0.038
58347.5 0.028
58348.5 0.037
58349.5 0.031
58350.5 0.036
58351.5 0.017
58352.5 0.023
58353.5 0.003
58354.5 0.048
58355.5 0.038
58356.5 0.000
58357.5 0.053
58358.5 0.038
58359.5 0.030
58360.5 0.035
58361.5 0.014
58362.5 0.016
58363.5 0.025
58364.5 0.035
58365.5 0.023
58366.5 -0.006
58367.5 0.024
